// Cooridnates:

								      // Front face
								      -0.5, -0.5,  0.5,
								       0.5, -0.5,  0.5,
								       0.5,  0.5,  0.5,
								      -0.5,  0.5,  0.5,

								      // Back face
								      -0.5, -0.5, -0.5,
								      -0.5,  0.5, -0.5,
								       0.5,  0.5, -0.5,
								       0.5, -0.5, -0.5,

								      // Top face
								      -0.5,  0.5, -0.5,
								      -0.5,  0.5,  0.5,
								       0.5,  0.5,  0.5,
								       0.5,  0.5, -0.5,

								      // Bottom face
								      -0.5, -0.5, -0.5,
								       0.5, -0.5, -0.5,
								       0.5, -0.5,  0.5,
								      -0.5, -0.5,  0.5,

								      // Right face
								       0.5, -0.5, -0.5,
								       0.5,  0.5, -0.5,
								       0.5,  0.5,  0.5,
								       0.5, -0.5,  0.5,

								      // Left face
								      -0.5, -0.5, -0.5,
								      -0.5, -0.5,  0.5,
								      -0.5,  0.5,  0.5,
								      -0.5,  0.5, -0.5






// Colors:

									1.0, 0.0, 0.0,
									1.0, 0.0, 0.0,
									1.0, 0.0, 0.0,
									1.0, 0.0, 0.0,
									
									0.0, 1.0, 0.0,
									0.0, 1.0, 0.0,
									0.0, 1.0, 0.0,
									0.0, 1.0, 0.0,
									
									0.0, 0.0, 1.0,
									0.0, 0.0, 1.0,
									0.0, 0.0, 1.0,
									0.0, 0.0, 1.0,
									
									1.0, 1.0, 0.0,
									1.0, 1.0, 0.0,
									1.0, 1.0, 0.0,
									1.0, 1.0, 0.0,
									
									0.0, 1.0, 1.0,
									0.0, 1.0, 1.0,
									0.0, 1.0, 1.0,
									0.0, 1.0, 1.0,
									
									1.0, 0.0, 1.0,
									1.0, 0.0, 1.0,
									1.0, 0.0, 1.0,
									1.0, 0.0, 1.0





// Indices:

							    0, 1, 2,      0, 2, 3,    // Front face
						            4, 5, 6,      4, 6, 7,    // Back face
						            8, 9, 10,     8, 10, 11,  // Top face
						            12, 13, 14,   12, 14, 15, // Bottom face
						            16, 17, 18,   16, 18, 19, // Right face
						            20, 21, 22,   20, 22, 23  // Left face